File: sql\01_monthly_revenue.sql
DB:   C:\Users\Asus\Desktop\olist-ecomm\data\olist.duckdb

=========================================================================================
  01_monthly_revenue.sql
=========================================================================================
+---------------------+-------------+-------------+--------------------+----------------+
| order_month         | order_count | revenue_brl | prev_month_revenue | mom_growth_pct |
+---------------------+-------------+-------------+--------------------+----------------+
| 2016-09-01 00:00:00 | 1           | 134.970     | NULL               | NULL           |
| 2016-10-01 00:00:00 | 265         | 40,325.110  | 134.970            | 29,777.100     |
| 2016-12-01 00:00:00 | 1           | 10.900      | 40,325.110         | -100.000       |
| 2017-01-01 00:00:00 | 750         | 111,798.360 | 10.900             | 1,025,573.000  |
| 2017-02-01 00:00:00 | 1,653       | 234,223.400 | 111,798.360        | 109.500        |
| 2017-03-01 00:00:00 | 2,546       | 359,198.850 | 234,223.400        | 53.400         |
| 2017-04-01 00:00:00 | 2,303       | 340,669.680 | 359,198.850        | -5.200         |
| 2017-05-01 00:00:00 | 3,546       | 489,338.250 | 340,669.680        | 43.600         |
| 2017-06-01 00:00:00 | 3,135       | 421,923.370 | 489,338.250        | -13.800        |
| 2017-07-01 00:00:00 | 3,872       | 481,604.520 | 421,923.370        | 14.100         |
| 2017-08-01 00:00:00 | 4,193       | 554,699.700 | 481,604.520        | 15.200         |
| 2017-09-01 00:00:00 | 4,150       | 607,399.670 | 554,699.700        | 9.500          |
| 2017-10-01 00:00:00 | 4,478       | 648,247.650 | 607,399.670        | 6.700          |
| 2017-11-01 00:00:00 | 7,289       | 987,765.370 | 648,247.650        | 52.400         |
| 2017-12-01 00:00:00 | 5,513       | 726,033.190 | 987,765.370        | -26.500        |
| 2018-01-01 00:00:00 | 7,069       | 924,645.000 | 726,033.190        | 27.400         |
| 2018-02-01 00:00:00 | 6,555       | 826,437.130 | 924,645.000        | -10.600        |
| 2018-03-01 00:00:00 | 7,003       | 953,356.250 | 826,437.130        | 15.400         |
| 2018-04-01 00:00:00 | 6,798       | 973,534.090 | 953,356.250        | 2.100          |
| 2018-05-01 00:00:00 | 6,749       | 977,544.690 | 973,534.090        | 0.400          |
| 2018-06-01 00:00:00 | 6,099       | 856,077.860 | 977,544.690        | -12.400        |
| 2018-07-01 00:00:00 | 6,159       | 867,953.460 | 856,077.860        | 1.400          |
| 2018-08-01 00:00:00 | 6,351       | 838,576.640 | 867,953.460        | -3.400         |
+---------------------+-------------+-------------+--------------------+----------------+
  23 rows